1 3 0 2 0 12 249120693 1868729065 412745821 313349230 249120692 1646260861 1646260862 1563402301 2027741928 414368461 414367864 249120690
1 1 1 2 2 12 537989180 1563402601 1307889191 1563402639 1563402642 1563402658 1563402663 1563402665 1563402669 1563402673 1563402691 1563402697
1 1 1 2 2 4 1307889208 267120401 267120402 267120403
1 3 0 2 0 5 1563402590 1307851125 1307851123 1307851113 1307851115
0 6 0 0 0 19 249120690 537989168 537989169 2717293767 537989170 2717293802 537989176 537989177 537989178 537989179 537989180 2717293785 537989181 1563402597 2717293790 254593076 267121666 2717293803 249120690
1 1 1 2 2 5 1300961091 1300961083 1300961088 1300961087 1300961085
1 1 1 2 2 10 1305978984 1300961143 1300961148 1300961155 1300961142 1305968754 1300961097 1300961094 1300961093 1300961091
1 3 0 2 0 17 254593081 1307851135 1307851137 1307851138 1307851140 1307851143 1307851141 1307851148 1307851145 1307851151 1307851150 1307851155 1307851153 1307851159 1307851158 1563402590 254593076
1 1 1 2 2 4 1307889187 1307889189 1307889184 1307889185
1 3 0 2 0 16 1307851122 537989183 1307851103 267120033 1307851102 254593077 1307851105 267120034 1307851107 267119985 1307851109 267120035 267120209 254593080 1307851112 254593081
1 3 0 2 0 2 537989181 1307851122
0 6 0 0 0 27 537989170 2622332703 2622332705 2622332709 250876140 2622332712 250876152 250876155 250876156 250876159 250876162 250876165 250876169 2850259610 271335331 271335332 1579207512 1987738819 271335326 313444866 301037151 250876175 1646260881 266437258 266436955 271335309 266730019
1 3 0 2 0 12 267121666 1307851115 412745820 1305968752 2027741929 412745819 412745818 412745817 1299831115 412745816 1868729064 1302181875
0 6 0 0 0 12 249223921 2622332719 2622332718 537994231 2622332714 2622332713 249223948 2622332711 2622332710 2622332706 2622332704 537989178
0 6 0 0 0 12 313349151 313349155 313349161 249223921 1648219213 313349191 2622332716 537994225 537989184 537989187 537989182 537989179
